0.000100 0.499757 12.818253
0.000110 0.499897 12.862574
0.000121 0.499800 12.850444
0.000133 0.499757 12.814390
0.000146 0.499860 12.835853
0.000161 0.499823 12.845067
0.000177 0.499307 12.757786
0.000195 0.499787 12.803075
0.000214 0.499720 12.804644
0.000236 0.499683 12.805220
0.000259 0.499373 12.699055
0.000285 0.499447 12.737808
0.000314 0.499727 12.784568
0.000345 0.499477 12.797784
0.000380 0.499167 12.665655
0.000418 0.499233 12.697349
0.000459 0.499637 12.783079
0.000505 0.499300 12.685051
0.000556 0.499477 12.723673
0.000612 0.498880 12.625133
0.000673 0.499270 12.700097
0.000740 0.498090 12.378101
0.000814 0.498827 12.639786
0.000895 0.499113 12.710271
0.000985 0.498910 12.657695
0.001083 0.499013 12.590232
0.001192 0.498923 12.627699
0.001311 0.498120 12.378141
0.001442 0.498470 12.355222
0.001586 0.497213 12.205471
0.001745 0.497817 12.315749
0.001919 0.496177 12.203964
0.002111 0.496223 12.000671
0.002323 0.497770 12.405846
0.002555 0.496483 11.966044
0.002810 0.495903 11.890057
0.003091 0.496340 11.942469
0.003400 0.495033 11.712485
0.003740 0.494537 11.735661
0.004114 0.495197 11.663182
0.004526 0.494533 11.746505
0.004979 0.492930 11.153699
0.005476 0.491837 11.107937
0.006024 0.492047 11.149271
0.006626 0.490263 10.809525
0.007289 0.491817 11.036240
0.008018 0.490813 10.888455
0.008820 0.487917 10.383723
0.009702 0.484597 10.073822
0.010672 0.485827 10.116162
0.011739 0.484283 9.860293
0.012913 0.484750 9.752760
0.014204 0.482180 9.457556
0.015625 0.478200 9.174943
0.017187 0.477700 9.016594
0.018906 0.474720 8.705376
0.020797 0.469120 8.294059
0.022876 0.468063 8.247038
0.025164 0.463617 7.784772
0.027680 0.461327 7.574539
0.030448 0.458940 7.471931
0.033493 0.455607 7.177301
0.036842 0.449645 7.028624
0.040527 0.449338 6.877424
0.044579 0.445427 6.802996
0.049037 0.438008 6.495352
0.053941 0.430431 6.101705
0.059335 0.426499 6.005176
0.065268 0.414533 5.741341
0.071795 0.410422 5.636691
0.078975 0.399965 5.405939
0.086872 0.395850 5.378034
0.095559 0.382143 5.133141
0.105115 0.370886 4.991135
0.115627 0.362619 4.852356
0.127190 0.352992 4.754010
0.139908 0.335150 4.612479
0.153899 0.324795 4.526780
0.169289 0.306060 4.392442
0.186218 0.292495 4.315446
0.204840 0.276125 4.209087
0.225324 0.262313 4.134719
0.247856 0.238978 4.013283
0.272642 0.214163 3.943741
0.299906 0.200380 3.886974
0.329897 0.186872 3.821432
0.362887 0.159743 3.751212
0.399175 0.142110 3.699877
0.439093 0.123261 3.651562
0.483002 0.104133 3.598095
0.531302 0.084939 3.551349
0.584432 0.069894 3.525713
0.642876 0.057939 3.494630
0.707163 0.049798 3.475626
0.777880 0.039790 3.452384
0.855668 0.034146 3.435895
0.941234 0.036542 3.424257
