0.000000 0.037054 3.726613 0.361880
-0.100000 0.036303 3.803487 0.372973
-0.200000 0.055397 3.749098 0.334973
-0.300000 0.051643 3.818894 0.334328
-0.400000 0.051774 3.716305 0.332129
-0.500000 0.045656 3.718357 0.322276
-0.600000 0.040551 3.768449 0.297378
-0.700000 0.053808 3.667864 0.285951
-0.800000 0.045082 3.777820 0.284862
-0.900000 0.049739 3.716441 0.274761
-1.000000 0.044613 3.844521 0.252266
-1.100000 0.046934 3.764922 0.248625
-1.200000 0.087523 3.663070 0.243053
-1.300000 0.051600 3.844072 0.211230
-1.400000 0.056462 3.935872 0.200538
-1.500000 0.060018 3.973940 0.191923
-1.600000 0.065795 3.860208 0.177867
-1.700000 0.081067 3.888112 0.175955
-1.800000 0.075495 4.022982 0.153458
-1.900000 0.106716 3.913715 0.149693
-2.000000 0.113994 3.954918 0.139147
-2.100000 0.127733 4.024441 0.128651
-2.200000 0.161682 4.152866 0.117494
-2.300000 0.125353 4.179711 0.116937
-2.400000 0.135183 4.324473 0.105003
-2.500000 0.149121 4.353074 0.102756
-2.600000 0.132701 4.282461 0.095313
-2.700000 0.187724 4.400617 0.089757
-2.800000 0.187187 4.452449 0.089892
-2.900000 0.215552 4.588657 0.082878
-3.000000 0.202394 4.491800 0.081996
-3.100000 0.241513 4.554204 0.075187
-3.200000 0.232305 4.598910 0.071789
-3.300000 0.217589 4.555471 0.070978
-3.400000 0.260062 4.592128 0.065998
-3.500000 0.211384 4.729659 0.068284
-3.600000 0.277346 4.662116 0.064614
-3.700000 0.276090 4.915054 0.060527
-3.800000 0.287899 4.921443 0.060742
-3.900000 0.287580 5.015222 0.059927
-4.000000 0.306574 4.898381 0.058518
-4.100000 0.352321 4.908176 0.057356
-4.200000 0.304864 4.930477 0.056559
-4.300000 0.340179 4.875503 0.058028
-4.400000 0.363998 5.004481 0.056303
-4.500000 0.337862 5.021932 0.057352
-4.600000 0.382875 5.230557 0.052644
-4.700000 0.346741 5.080906 0.053759
-4.800000 0.360287 5.223615 0.052290
-4.900000 0.293427 5.140449 0.051873
-5.000000 0.372701 5.101715 0.048936
-5.100000 0.356298 5.138148 0.049533
-5.200000 0.347886 5.518052 0.049647
-5.300000 0.354723 5.210854 0.048429
-5.400000 0.380632 5.097892 0.049824
-5.500000 0.349531 5.287952 0.050739
-5.600000 0.367007 5.252810 0.048638
-5.700000 0.402499 5.354357 0.047917
-5.800000 0.387321 5.209579 0.047293
-5.900000 0.410812 5.366621 0.047117
-6.000000 0.400000 5.216417 0.047615
-6.100000 0.330982 5.210717 0.048425
-6.200000 0.378380 5.298445 0.047139
-6.300000 0.399453 5.330309 0.045689
-6.400000 0.362219 5.494220 0.047977
-6.500000 0.370532 5.252064 0.048137
-6.600000 0.412353 5.455415 0.047490
-6.700000 0.401384 5.445595 0.046668
-6.800000 0.431597 5.501499 0.046684
-6.900000 0.391989 5.615383 0.045421
-7.000000 0.419985 5.631359 0.045318
-7.100000 0.402867 5.606782 0.045985
-7.200000 0.361571 5.269010 0.046178
-7.300000 0.366584 5.732449 0.046724
-7.400000 0.401626 5.386645 0.046216
-7.500000 0.378472 5.570204 0.046598
-7.600000 0.416915 5.366990 0.045778
-7.700000 0.423495 5.581587 0.045172
-7.800000 0.404485 5.676361 0.045219
-7.900000 0.399798 5.483359 0.046057
-8.000000 0.358653 5.651431 0.045656
-8.100000 0.420398 5.718140 0.044734
-8.200000 0.378430 5.397034 0.047475
-8.300000 0.399011 5.456754 0.047387
-8.400000 0.356775 5.660056 0.043888
-8.500000 0.395753 5.621483 0.044187
-8.600000 0.409557 5.680810 0.044943
-8.700000 0.429773 5.485226 0.045109
-8.800000 0.443916 5.607880 0.044645
-8.900000 0.393938 5.820417 0.043407
-9.000000 0.396642 5.598469 0.045139
-9.100000 0.416308 5.481932 0.044889
-9.200000 0.381404 5.686148 0.044552
-9.300000 0.404020 5.691054 0.044630
-9.400000 0.447454 5.827655 0.044311
-9.500000 0.406274 5.605331 0.044883
-9.600000 0.429158 5.499968 0.044858
-9.700000 0.408602 5.539800 0.045648
-9.800000 0.423636 5.648104 0.043333
-9.900000 0.431915 5.657964 0.044383
-10.000000 0.393668 5.526541 0.045644
